52
62
117
304
426
599
677
699
887
928
959
1427
1436
1444
1457
1463
1476
1477
1492
1498
1502
1507
1520
1521
1541
1547
1554
1562
1571
1576
1579
1581
1592
1593
1595
1596
1600
1603
1609
1617
1619
1624
1630
1633
1636
1638
1639
1641
1645
1650
1651
1652
1655
1665
1669
1672
1673
1686
1691
1695
1698
1699
1701
1707
1709
1710
1713
1714
1715
1725
1727
1732
1735
1736
1737
1740
1748
1751
1753
1757
1759
1761
1764
1768
1771
1772
1776
1778
1782
1783
1787
1788
1789
1790
1791
1792
1797
1798
1799
1806
1807
1809
1812
1814
1817
1819
1821
1823
1824
1826
1830
1831
1833
1838
1839
1845
1848
1853
1854
1855
1857
1858
1860
1863
1867
1868
1869
1872
1874
1876
1880
1881
1886
1887
1890
1893
1895
1897
1898
1901
1902
1904
1907
1910
1912
1915
1921
1922
1925
1926
1928
1929
1930
1931
1932
1936
1939
1941
1942
1943
1944
1945
1946
1949
1952
1953
1956
1957
1958
1959
1960
1961
1962
1963
1964
1971
1974
1976
1977
1979
1980
1981
1982
1983
1987
1988
1990
1991
1992
1994
1995
1996
1999
2003
2004
2005
2007
2008
2009
2010
